task4 : 
0,1,2,3,4,5,10,15,17,
0,18,19,20,23,
0,24,25,26,27,28,32,38,
0,39,40,41,42,43,44,45,48,51,
0,52,53,54,55,56,57,63,
0,64,65,66,67,68,69,70,
1,2,3,4,5,10,15,16,
1,17,18,19,23,25,32,
1,33,34,35,38,40,43,45,
1,46,47,48,49,50,51,
1,52,53,54,55,57,58,
1,59,60,61,62,63,65,70,
2,3,4,5,6,10,15,23,
2,24,25,26,27,28,32,
2,33,34,35,37,
2,38,39,40,41,42,43,45,48,49,51,
2,52,53,54,55,56,
2,57,58,59,60,62,63,64,
2,65,66,67,68,69,70,72,
2,73,74,75,76,77,78,83,84,
2,85,86,87,88,89,95,
3,4,5,6,10,15,16,
3,17,18,19,22,
3,23,24,25,26,27,28,
3,29,30,31,32,38,
3,39,40,41,42,43,44,45,
3,46,47,48,49,50,51,54,
3,55,56,57,58,
3,59,60,61,62,63,65,70,72,
3,73,74,75,76,77,78,83,84,
3,85,86,87,88,89,95,
4,5,6,8,
4,9,10,11,15,16,17,
4,18,19,21,
4,22,23,24,25,26,28,32,
4,33,34,35,38,40,
4,41,42,43,44,45,48,49,51,
4,52,53,54,55,57,59,60,
4,61,62,63,64,65,66,
5,6,7,10,15,16,
5,17,18,19,23,
5,24,25,26,27,32,
5,33,34,35,38,43,45,
5,46,47,48,49,51,
5,52,53,54,55,57,59,63,
5,64,65,66,67,68,
5,69,70,71,72,73,75,
6,7,8,10,15,17,
6,18,19,23,25,32,
6,33,34,35,38,
6,39,40,41,42,43,45,48,50,
6,51,52,53,54,55,57,60,63,
6,64,65,66,67,69,70,72,76,
6,77,78,79,80,83,88,
6,89,90,91,94,95,
7,8,9,10,15,23,25,
7,26,27,28,32,38,
7,39,40,41,42,43,45,48,51,
7,52,53,54,55,57,60,63,
8,9,10,11,15,16,23,
8,24,25,26,27,
8,28,29,30,32,33,
8,34,35,37,
8,38,39,40,41,42,43,45,48,
8,49,50,51,52,53,54,57,60,63,
8,64,65,66,67,69,70,72,76,
8,77,78,79,80,83,88,
8,89,90,91,94,95,
9,10,11,12,15,16,
9,17,18,21,
9,22,23,24,25,26,32,
9,33,34,35,43,45,
9,46,47,48,50,
9,51,52,53,54,55,57,60,
9,61,62,63,64,
9,65,66,67,68,70,
9,71,72,73,74,76,
10,11,12,13,15,16,
10,17,18,19,21,23,25,
10,26,27,28,29,30,32,
10,33,34,35,36,
10,37,38,39,40,41,42,43,45,48,51,
10,52,53,54,55,56,57,60,
10,61,62,63,64,65,66,67,70,
10,71,72,73,74,75,76,77,83,88,
10,89,90,91,92,94,
11,12,13,15,16,
11,17,18,19,23,25,
11,26,27,28,29,
11,30,31,32,33,38,
11,39,40,41,42,43,45,48,49,51,
11,52,53,54,55,57,59,60,
11,61,62,63,64,65,66,
12,13,14,15,23,
12,24,25,26,28,32,38,
12,39,40,41,42,43,45,48,51,
12,52,53,54,55,57,60,63,
13,14,15,16,17,23,25,
13,26,27,28,32,38,
13,39,40,41,42,43,45,48,51,
13,52,53,54,55,57,60,63,
14,15,16,17,18,23,
14,24,25,26,28,32,38,
14,39,40,41,42,43,45,48,51,
14,52,53,54,55,57,60,63,
15,16,17,18,19,23,25,32,
15,33,34,35,36,
15,37,38,39,40,41,42,43,45,48,51,
15,52,53,54,55,56,57,60,
15,61,62,63,64,65,66,67,70,
15,71,72,73,74,75,76,77,83,88,
15,89,90,91,92,94,
16,17,18,19,23,25,32,
16,33,34,35,38,40,43,45,
16,46,47,48,49,50,51,
16,52,53,54,55,57,58,
16,59,60,61,62,63,65,70,
17,18,19,21,23,25,
17,26,27,28,29,32,43,45,
17,46,47,48,49,50,51,54,
17,55,56,57,58,
17,59,60,61,62,63,65,70,72,
17,73,74,75,76,77,78,83,84,
17,85,86,87,88,89,95,
18,19,20,23,25,
18,26,27,28,32,43,45,
18,46,47,48,51,
18,52,53,54,55,57,60,
18,61,62,63,65,70,72,
19,20,21,22,23,25,
19,26,27,28,30,32,
19,33,34,35,38,43,45,
19,46,47,48,49,51,
19,52,53,54,55,57,59,63,
19,64,65,66,67,68,
19,69,70,71,72,73,75,
20,21,22,23,24,25,
20,26,27,28,32,38,
20,39,40,41,42,43,45,48,51,
20,52,53,54,55,57,60,63,
21,22,23,24,25,26,28,32,
21,33,34,35,38,40,
21,41,42,43,44,45,48,49,51,
21,52,53,54,55,57,59,60,
21,61,62,63,64,65,66,
22,23,24,25,26,27,32,43,45,
22,46,47,48,49,50,51,
22,52,53,54,55,57,58,
22,59,60,61,62,63,65,70,
23,24,25,26,27,28,32,38,
23,39,40,41,42,43,44,45,48,51,
23,52,53,54,55,56,57,63,
23,64,65,66,67,68,69,70,
24,25,26,27,28,30,
24,31,32,33,35,43,45,
24,46,47,48,49,51,
24,52,53,54,55,57,59,63,
24,64,65,66,67,68,
24,69,70,71,72,73,75,
25,26,27,28,29,30,
25,31,32,33,34,38,
25,39,40,41,42,43,44,45,48,51,
25,52,53,54,55,56,57,63,
25,64,65,66,67,68,69,70,
26,27,28,29,30,32,
26,33,34,35,38,40,43,45,
26,46,47,48,49,50,51,
26,52,53,54,55,57,58,
26,59,60,61,62,63,65,70,
27,28,29,30,32,33,
27,34,35,37,
27,38,39,40,41,42,43,45,48,
27,49,50,51,52,53,54,57,60,63,
27,64,65,66,67,69,70,72,76,
27,77,78,79,80,83,88,
27,89,90,91,94,95,
28,29,30,31,32,38,
28,39,40,41,42,43,44,45,
28,46,47,48,49,50,51,54,
28,55,56,57,58,
28,59,60,61,62,63,65,70,72,
28,73,74,75,76,77,78,83,84,
28,85,86,87,88,89,95,
29,30,31,32,33,43,45,
29,46,47,48,49,51,
29,52,53,54,55,57,59,63,
29,64,65,66,67,68,
29,69,70,71,72,73,75,
30,31,32,33,35,38,43,45,
30,46,47,48,49,50,51,
30,52,53,54,55,57,58,
30,59,60,61,62,63,65,70,
31,32,33,34,38,43,45,
31,46,47,48,51,
31,52,53,54,55,57,60,
31,61,62,63,65,70,72,
32,33,34,35,37,38,
32,39,40,41,42,43,44,45,48,51,
32,52,53,54,55,56,57,63,
32,64,65,66,67,68,69,70,
33,34,35,36,
33,37,38,39,40,41,43,45,
33,46,47,48,49,50,51,
33,52,53,54,55,57,58,
33,59,60,61,62,63,65,70,
34,35,36,38,40,
34,41,42,43,44,45,48,51,
34,52,53,54,55,57,60,63,
35,36,37,38,40,42,
35,43,44,45,46,48,49,50,
35,51,52,53,54,55,57,59,60,
35,61,62,63,64,65,66,70,
36,37,38,39,40,43,45,
36,46,47,48,51,
36,52,53,54,55,57,60,
36,61,62,63,65,70,72,
37,38,39,40,41,42,43,45,48,51,
37,52,53,54,55,57,59,63,
37,64,65,66,67,68,
37,69,70,71,72,73,75,
38,39,40,41,42,43,44,45,48,
38,49,50,51,52,53,54,55,57,60,63,
38,64,65,66,67,68,69,
38,70,71,72,73,74,75,76,83,88,
39,40,41,42,43,44,45,48,50,
39,51,52,53,54,55,57,59,63,
39,64,65,66,67,68,70,
39,71,72,73,74,75,76,
40,41,42,43,44,45,46,48,
40,49,50,51,52,53,54,55,57,60,63,
40,64,65,66,67,68,69,
40,70,71,72,73,74,75,76,83,88,
41,42,43,44,45,46,48,50,
41,51,52,53,54,55,57,59,63,
41,64,65,66,67,68,70,
41,71,72,73,74,75,76,
42,43,44,45,46,47,48,
42,49,50,51,52,53,54,55,57,60,63,
42,64,65,66,67,68,69,
42,70,71,72,73,74,75,76,83,88,
43,44,45,46,47,48,50,
43,51,52,53,54,55,56,57,63,
43,64,65,66,67,68,69,70,72,
44,45,46,47,48,50,
44,51,52,53,54,55,57,60,63,
44,64,65,66,67,69,70,72,76,
44,77,78,79,80,83,88,
44,89,90,91,94,95,
45,46,47,48,49,50,51,53,54,
45,55,56,57,58,60,
45,61,62,63,64,65,66,67,
45,68,69,70,71,72,76,
45,77,78,79,80,81,83,88,
45,89,90,91,92,95,
46,47,48,49,50,51,53,54,57,
46,58,59,60,62,63,
46,64,65,66,67,69,70,72,76,
46,77,78,79,80,83,88,
46,89,90,91,94,95,
47,48,49,50,51,52,53,54,57,60,
47,61,62,63,64,65,70,
47,71,72,73,74,75,
47,76,77,78,79,80,
47,81,82,83,84,85,
48,49,50,51,52,53,54,55,57,59,
48,60,61,62,63,64,65,66,70,72,
48,73,74,75,76,77,78,79,
48,80,81,82,83,84,85,88,
48,89,90,91,92,95,
49,50,51,52,53,54,55,57,59,63,
50,51,52,53,54,55,56,
50,57,58,59,60,61,
50,62,63,64,65,66,67,69,70,72,76,
51,52,53,54,55,56,57,63,
51,64,65,66,67,68,69,70,
52,53,54,55,56,57,60,
52,61,62,63,64,65,66,
53,54,55,56,57,58,
53,59,60,61,62,63,64,
54,55,56,57,58,60,
54,61,62,63,64,65,66,67,
54,68,69,70,71,72,76,
54,77,78,79,80,81,83,88,
54,89,90,91,92,95,
55,56,57,58,60,63,
55,64,65,66,67,68,70,
55,71,72,73,74,75,76,
56,57,58,59,60,63,65,70,
57,58,59,60,61,63,65,70,
58,59,60,61,63,65,70,72,
58,73,74,75,76,77,83,84,
58,85,86,87,88,
58,89,90,91,94,95,
59,60,61,62,63,64,65,70,72,
59,73,74,75,76,77,78,83,88,
59,89,90,91,93,
61,62,63,64,65,66,67,70,
62,63,64,65,66,67,68,70,
63,64,65,66,67,68,69,70,
64,65,66,67,68,69,70,72,
64,73,74,75,76,77,78,83,84,
64,85,86,87,88,89,95,
65,66,67,68,69,70,72,73,
65,74,75,76,77,78,79,80,
66,67,68,69,70,72,73,
67,68,69,70,71,
68,69,70,71,72,73,
68,74,75,76,77,78,
69,70,71,72,73,74,75,76,
69,77,78,79,80,83,84,88,
69,89,90,91,93,
71,72,73,74,75,76,77,83,88,
71,89,90,91,94,95,
72,73,74,75,76,77,78,79,
72,80,81,82,83,84,85,88,
72,89,90,91,92,95,
74,75,76,77,78,79,80,
77,78,79,80,81,83,84,
77,85,86,87,88,89,95,
78,79,80,81,82,
78,83,84,85,86,87,88,
78,89,90,91,93,
82,83,84,85,86,87,
83,84,85,86,87,88,89,95,
84,85,86,87,88,89,95,
89,90,91,92,94,
90,91,92,94,95,
task2 : 
0,1,2,3,4,10,15,16,
0,17,18,19,23,
0,24,25,26,27,32,
0,33,34,35,38,43,45,
0,46,47,48,49,51,
0,52,53,54,55,57,59,63,
0,64,65,66,67,68,
0,69,70,71,72,73,75,
1,2,3,4,10,11,
1,12,13,
1,14,15,16,17,23,
1,24,25,26,28,32,43,45,
1,46,47,48,51,
1,52,53,54,55,57,60,
1,61,62,63,65,70,72,
2,3,4,5,10,15,17,
2,18,19,23,25,
2,26,27,28,32,38,
2,39,40,41,42,43,45,48,51,
2,52,53,54,55,57,60,63,
3,4,5,10,11,15,23,
3,24,25,26,28,32,38,
3,39,40,41,42,43,45,48,51,
3,52,53,54,55,57,60,63,
4,5,6,10,15,23,25,
4,26,27,28,32,
4,33,34,38,43,45,
4,46,47,48,
4,49,50,51,52,53,54,57,
4,58,59,60,63,65,70,
4,71,72,73,74,
4,75,76,77,78,83,84,
4,85,86,88,89,90,
4,91,93,
5,6,8,
5,9,10,11,15,23,
5,24,25,26,28,
5,29,30,32,38,43,45,
5,46,47,
5,48,49,50,51,52,53,
5,54,55,57,58,
5,59,60,62,63,64,
6,7,10,11,
6,12,15,16,23,
6,24,25,26,32,43,45,
6,46,48,49,50,
6,51,52,53,54,57,60,63,
7,8,10,11,
7,12,15,16,
7,17,18,
7,19,21,23,
7,24,25,26,32,
7,33,34,
7,35,37,38,
7,39,40,41,
7,42,43,44,45,48,51,
7,52,53,54,57,60,63,
7,64,65,66,67,70,72,
7,73,74,75,76,
7,77,78,79,
7,80,81,83,88,
8,9,10,11,
8,12,15,16,23,
8,24,25,26,32,43,45,
8,46,48,49,50,
8,51,52,53,54,57,60,63,
9,10,11,15,16,17,
9,18,23,25,32,
9,33,34,
9,35,37,38,
9,39,40,41,
9,42,43,44,45,48,51,
9,52,53,54,57,60,63,
9,64,65,66,67,70,72,
9,73,74,75,76,
9,77,78,79,
9,80,81,83,88,
10,11,12,15,16,17,
10,18,19,21,
10,22,23,24,25,26,28,32,
10,33,34,35,38,40,
10,41,42,43,44,45,48,49,51,
10,52,53,54,55,57,59,60,
10,61,62,63,64,65,66,
11,12,15,16,17,
11,18,19,
11,20,21,23,25,
11,26,27,28,32,
11,33,34,38,43,45,
11,46,47,48,
11,49,50,51,52,53,54,57,
11,58,59,60,63,65,70,
11,71,72,73,74,
11,75,76,77,78,83,84,
11,85,86,88,89,90,
11,91,93,
12,13,15,16,
12,17,18,
12,19,21,23,
12,24,25,26,32,
12,33,34,
12,35,37,38,
12,39,40,41,
12,42,43,44,45,48,51,
12,52,53,54,57,60,63,
12,64,65,66,67,70,72,
12,73,74,75,76,
12,77,78,79,
12,80,81,83,88,
13,14,15,16,
13,17,18,
13,19,21,23,
13,24,25,26,32,
13,33,34,
13,35,37,38,
13,39,40,41,
13,42,43,44,45,48,51,
13,52,53,54,57,60,63,
13,64,65,66,67,70,72,
13,73,74,75,76,
13,77,78,79,
13,80,81,83,88,
14,15,16,17,21,
14,22,23,24,25,
14,26,27,32,
14,33,34,
14,35,37,38,
14,39,40,41,
14,42,43,44,45,48,51,
14,52,53,54,57,60,63,
14,64,65,66,67,70,72,
14,73,74,75,76,
14,77,78,79,
14,80,81,83,88,
15,16,17,18,22,
15,23,24,25,26,27,32,
15,33,34,35,38,40,
15,41,42,43,44,45,48,49,51,
15,52,53,54,55,57,59,60,
15,61,62,63,64,65,66,
16,17,18,22,
16,23,24,25,26,28,32,
16,33,34,35,
16,36,37,43,45,
16,46,47,48,51,
16,52,53,54,55,57,60,
16,61,62,63,65,70,72,
17,18,19,23,25,
17,26,27,28,32,38,
17,39,40,41,42,43,45,48,51,
17,52,53,54,55,57,60,63,
18,19,21,
18,22,23,24,
18,25,26,28,32,38,
18,39,40,42,43,45,48,
18,49,50,51,52,
18,53,54,55,57,60,
18,61,63,65,70,
18,71,72,73,
18,74,75,76,83,88,
18,89,90,94,95,
19,20,21,23,
19,24,25,26,28,
19,29,30,32,38,43,45,
19,46,47,
19,48,49,50,51,52,53,
19,54,55,57,58,
19,59,60,62,63,64,
20,21,22,23,25,32,
20,33,34,
20,35,37,38,
20,39,40,41,
20,42,43,44,45,48,51,
20,52,53,54,57,60,63,
20,64,65,66,67,70,72,
20,73,74,75,76,
20,77,78,79,
20,80,81,83,88,
21,22,23,24,25,28,
21,29,30,32,33,
21,34,35,38,43,45,
21,46,47,48,
21,49,50,51,52,53,54,57,
21,58,59,60,63,65,70,
21,71,72,73,74,
21,75,76,77,78,83,84,
21,85,86,88,89,90,
21,91,93,
22,23,24,25,26,28,32,
22,33,34,35,
22,36,37,43,45,
22,46,47,48,51,
22,52,53,54,55,57,60,
22,61,62,63,65,70,72,
23,24,25,26,27,32,
23,33,34,35,38,43,45,
23,46,47,48,49,51,
23,52,53,54,55,57,59,63,
23,64,65,66,67,68,
23,69,70,71,72,73,75,
24,25,26,27,32,43,45,
24,46,47,
24,48,49,50,51,52,53,
24,54,55,57,58,
24,59,60,62,63,64,
25,26,27,28,30,32,
25,33,34,35,38,43,45,
25,46,47,48,49,51,
25,52,53,54,55,57,59,63,
25,64,65,66,67,68,
25,69,70,71,72,73,75,
26,27,28,29,
26,30,31,32,38,
26,39,40,41,42,43,45,48,
26,49,50,51,52,53,54,57,63,
26,64,65,66,67,69,70,72,
27,28,29,30,
27,31,32,38,43,45,
27,46,48,49,50,
27,51,52,53,54,57,60,63,
28,29,30,32,33,38,
28,39,40,41,42,43,45,48,51,
28,52,53,54,55,57,60,63,
29,30,31,32,
29,33,34,38,
29,39,40,41,42,
29,43,44,45,48,49,50,
29,51,52,53,54,55,
29,56,57,59,
29,60,61,63,65,70,72,
29,73,74,75,76,83,88,
30,31,32,33,38,
30,39,40,41,42,43,45,48,
30,49,50,51,52,53,54,57,63,
30,64,65,66,67,69,70,72,
31,32,33,35,38,
31,39,40,42,43,45,48,
31,49,50,51,52,
31,53,54,55,57,60,
31,61,63,65,70,
31,71,72,73,
31,74,75,76,83,88,
31,89,90,94,95,
32,33,34,35,38,43,45,
32,46,47,48,49,51,
32,52,53,54,55,57,59,63,
32,64,65,66,67,68,
32,69,70,71,72,73,75,
33,34,35,38,40,
33,41,42,43,44,45,48,
33,49,50,51,52,53,54,57,63,
33,64,65,66,67,69,70,72,
34,35,37,38,
34,39,40,41,
34,42,43,44,45,48,51,
34,52,53,54,57,60,63,
34,64,65,66,67,70,72,
34,73,74,75,76,
34,77,78,79,
34,80,81,83,88,
35,36,37,43,45,
35,46,47,48,51,
35,52,53,54,55,57,60,
35,61,62,63,65,70,72,
36,37,38,40,43,45,
36,46,48,49,
36,50,51,52,53,54,
36,55,57,59,63,
36,64,65,66,67,70,
36,71,72,73,
36,74,75,76,83,88,
36,89,90,94,95,
37,38,39,40,41,
37,42,43,44,45,48,49,
37,50,51,52,53,54,57,60,
37,61,62,63,
37,64,65,66,67,69,
37,70,71,72,73,76,
37,77,78,79,83,88,
38,39,40,41,42,43,45,48,50,
38,51,52,53,54,55,57,60,63,
38,64,65,66,67,69,70,72,76,
38,77,78,79,80,83,88,
38,89,90,91,94,95,
39,40,41,42,43,45,48,49,51,
39,52,53,54,55,57,63,
39,64,65,66,67,69,70,
39,71,72,73,74,
39,75,76,77,78,83,84,
39,85,86,88,89,90,
39,91,93,
40,41,42,43,44,45,48,50,
40,51,52,53,54,55,57,60,63,
40,64,65,66,67,69,70,72,76,
40,77,78,79,80,83,88,
40,89,90,91,94,95,
41,42,43,44,45,48,49,51,
41,52,53,54,55,57,63,
41,64,65,66,67,69,70,
41,71,72,73,74,
41,75,76,77,78,83,84,
41,85,86,88,89,90,
41,91,93,
42,43,44,45,46,48,50,
42,51,52,53,54,55,57,60,63,
42,64,65,66,67,69,70,72,76,
42,77,78,79,80,83,88,
42,89,90,91,94,95,
43,44,45,46,48,49,51,
43,52,53,54,55,57,59,60,
43,61,62,63,64,65,66,
44,45,46,48,49,51,
44,52,53,54,55,
44,56,57,60,63,
45,46,47,48,49,51,
45,52,53,54,55,57,59,63,
45,64,65,66,67,68,
45,69,70,71,72,73,75,
46,47,48,49,50,
46,51,52,53,54,57,60,63,
47,48,49,50,51,52,54,
47,55,57,58,
47,59,60,62,63,65,70,72,
48,49,50,51,52,53,54,55,
48,56,57,58,60,
48,61,62,63,64,65,70,72,
48,73,74,75,76,77,78,
49,50,51,52,53,54,55,57,
49,58,59,60,62,
49,63,64,65,66,67,69,70,72,
49,73,74,75,76,77,83,88,
50,51,52,53,54,55,57,60,63,
50,64,65,66,67,69,70,72,76,
50,77,78,79,80,83,88,
50,89,90,91,94,95,
51,52,53,54,55,57,59,63,
51,64,65,66,67,68,
51,69,70,71,72,73,75,
52,53,54,55,57,59,60,
52,61,62,63,65,70,
52,71,72,73,74,
52,75,76,77,78,83,84,
52,85,86,88,89,90,
52,91,93,
53,54,55,56,57,60,
53,61,62,63,64,65,70,
53,71,72,73,74,75,
53,76,77,78,79,80,
53,81,82,83,84,85,
54,55,56,57,59,
54,60,61,62,63,64,
55,56,57,59,63,
55,64,65,66,67,69,70,
55,71,72,73,74,
55,75,76,77,78,83,84,
55,85,86,88,89,90,
55,91,93,
56,57,58,60,63,
56,64,65,66,67,70,
56,71,72,73,
56,74,75,76,83,88,
56,89,90,94,95,
57,58,59,60,62,63,65,70,
58,59,60,62,63,65,70,72,
59,60,61,62,63,
59,64,65,66,67,69,70,72,
60,61,62,63,64,65,70,
60,71,72,73,74,75,
60,76,77,78,79,80,
60,81,82,83,84,85,
61,62,63,64,65,66,
62,63,64,65,66,67,69,70,
63,64,65,66,67,68,
63,69,70,71,72,73,75,
64,65,66,67,68,70,
64,71,72,73,74,76,
65,66,67,68,69,
66,67,68,69,
68,69,70,72,73,76,
68,77,78,80,
68,81,83,84,88,
68,89,90,94,95,
69,70,71,72,73,74,
69,75,76,77,78,80,
71,72,73,74,75,76,
72,73,74,75,76,77,78,
74,75,76,77,78,80,
75,76,77,78,79,83,84,
76,77,78,79,80,83,88,
76,89,90,91,94,95,
79,80,81,83,84,88,
79,89,90,91,95,
81,82,83,84,85,88,
82,83,84,85,86,88,89,
82,90,91,94,
85,86,87,88,89,
86,87,88,89,94,
87,88,89,90,94,
88,89,90,91,94,95,
90,91,92,
92,93,94,
task1 : 
0,1,2,3,10,15,16,
0,17,18,23,25,
0,26,27,28,
0,29,30,32,38,43,45,
0,46,47,
0,48,49,50,51,52,53,
0,54,55,57,58,
0,59,60,62,63,64,
1,2,3,4,
1,5,10,11,
1,12,15,17,
1,18,23,25,
1,26,27,
1,28,29,32,43,45,
1,46,48,49,
1,50,51,52,53,54,
1,55,57,59,63,
1,64,65,66,67,70,
1,71,72,73,
1,74,75,76,83,88,
1,89,90,94,95,
2,3,4,10,15,16,
2,17,18,
2,19,21,23,
2,24,25,26,32,
2,33,34,
2,35,37,38,
2,39,40,41,
2,42,43,44,45,48,51,
2,52,53,54,57,60,63,
2,64,65,66,67,70,72,
2,73,74,75,76,
2,77,78,79,
2,80,81,83,88,
3,4,5,10,15,23,
3,24,25,26,32,
3,33,34,
3,35,37,38,
3,39,40,41,
3,42,43,44,45,48,51,
3,52,53,54,57,60,63,
3,64,65,66,67,70,72,
3,73,74,75,76,
3,77,78,79,
3,80,81,83,88,
4,5,10,15,16,
4,17,19,23,
4,24,25,28,
4,29,30,
4,31,32,
4,33,35,38,
4,39,40,42,43,45,
4,46,48,50,
4,51,52,53,54,57,
4,58,60,63,
4,64,65,66,67,
4,68,70,
4,71,72,76,
4,77,78,83,84,
5,6,10,15,23,25,
5,26,28,32,43,45,
5,46,48,51,
5,52,53,54,57,
5,58,60,
5,61,
5,62,63,64,65,70,
6,7,
6,8,10,15,23,
6,24,25,32,
6,33,35,
6,37,38,
6,39,40,43,45,
6,46,48,
6,49,50,51,53,
6,54,55,57,63,
6,64,65,66,70,72,
7,8,
7,10,11,15,23,25,
7,26,28,
7,29,32,
7,33,38,43,45,
7,46,
7,47,
7,48,49,50,51,
7,52,53,
7,54,55,57,
7,58,
7,59,60,63,
7,64,65,66,70,
7,71,
7,72,73,75,
7,76,77,83,88,
8,9,
8,10,11,15,17,
8,19,23,25,
8,26,28,32,
8,33,35,
8,37,38,
8,39,40,43,45,
8,46,48,
8,49,50,51,53,
8,54,55,57,63,
8,64,65,66,70,72,
9,10,11,15,23,25,
9,26,28,
9,29,32,
9,33,38,43,45,
9,46,
9,47,
9,48,49,50,51,
9,52,53,
9,54,55,57,
9,58,
9,59,60,63,
9,64,65,66,70,
9,71,
9,72,73,75,
9,76,77,83,88,
10,11,12,15,23,25,
10,26,27,28,32,
10,33,34,38,43,45,
10,46,47,48,
10,49,50,51,52,53,54,57,
10,58,59,60,63,65,70,
10,71,72,73,74,
10,75,76,77,78,83,84,
10,85,86,88,89,90,
10,91,93,
11,12,15,23,25,
11,26,28,32,38,
11,39,40,42,43,45,
11,46,48,50,
11,51,52,53,54,57,
11,58,60,63,
11,64,65,66,67,
11,68,70,
11,71,72,76,
11,77,78,83,84,
12,15,16,17,
12,19,23,
12,24,25,
12,26,28,
12,29,32,
12,33,38,43,45,
12,46,
12,47,
12,48,49,50,51,
12,52,53,
12,54,55,57,
12,58,
12,59,60,63,
12,64,65,66,70,
12,71,
12,72,73,75,
12,76,77,83,88,
13,15,16,17,
13,19,23,
13,24,25,
13,26,28,
13,29,32,
13,33,38,43,45,
13,46,
13,47,
13,48,49,50,51,
13,52,53,
13,54,55,57,
13,58,
13,59,60,63,
13,64,65,66,70,
13,71,
13,72,73,75,
13,76,77,83,88,
14,15,16,17,
14,19,23,
14,24,25,
14,26,28,
14,29,32,
14,33,38,43,45,
14,46,
14,47,
14,48,49,50,51,
14,52,53,
14,54,55,57,
14,58,
14,59,60,63,
14,64,65,66,70,
14,71,
14,72,73,75,
14,76,77,83,88,
15,16,17,19,23,25,
15,26,27,28,32,
15,33,34,38,43,45,
15,46,47,48,
15,49,50,51,52,53,54,57,
15,58,59,60,63,65,70,
15,71,72,73,74,
15,75,76,77,78,83,84,
15,85,86,88,89,90,
15,91,93,
16,17,19,23,25,
16,26,27,
16,28,29,32,43,45,
16,46,48,49,
16,50,51,52,53,54,
16,55,57,59,63,
16,64,65,66,67,70,
16,71,72,73,
16,74,75,76,83,88,
16,89,90,94,95,
17,18,23,25,32,
17,33,34,
17,35,37,38,
17,39,40,41,
17,42,43,44,45,48,51,
17,52,53,54,57,60,63,
17,64,65,66,67,70,72,
17,73,74,75,76,
17,77,78,79,
17,80,81,83,88,
18,19,
18,21,23,
18,24,
18,25,26,32,
18,33,38,
18,39,43,45,
18,48,49,50,
18,51,52,
18,53,54,57,60,
18,62,63,65,70,
18,72,73,76,
18,77,83,84,
19,20,23,
19,24,25,32,43,45,
19,46,48,51,
19,52,53,54,57,
19,58,60,
19,61,
19,62,63,64,65,70,
20,21,23,25,
20,26,28,
20,29,32,
20,33,38,43,45,
20,46,
20,47,
20,48,49,50,51,
20,52,53,
20,54,55,57,
20,58,
20,59,60,63,
20,64,65,66,70,
20,71,
20,72,73,75,
20,76,77,83,88,
21,22,23,25,26,
21,27,28,
21,29,30,
21,31,32,
21,33,35,38,
21,39,40,42,43,45,
21,46,48,50,
21,51,52,53,54,57,
21,58,60,63,
21,64,65,66,67,
21,68,70,
21,71,72,76,
21,77,78,83,84,
22,23,24,25,28,
22,29,30,32,
22,33,35,38,43,45,
22,46,48,49,
22,50,51,52,53,54,
22,55,57,59,63,
22,64,65,66,67,70,
22,71,72,73,
22,74,75,76,83,88,
22,89,90,94,95,
23,24,25,26,28,
23,29,30,32,38,43,45,
23,46,47,
23,48,49,50,51,52,53,
23,54,55,57,58,
23,59,60,62,63,64,
24,25,26,28,32,
24,33,35,43,45,
24,46,48,51,
24,52,53,54,57,
24,58,60,
24,61,
24,62,63,64,65,70,
25,26,27,28,
25,29,30,32,38,43,45,
25,46,47,
25,48,49,50,51,52,53,
25,54,55,57,58,
25,59,60,62,63,64,
26,27,28,32,
26,33,35,38,43,45,
26,46,48,49,
26,50,51,52,53,54,
26,55,57,59,63,
26,64,65,66,67,70,
26,71,72,73,
26,74,75,76,83,88,
26,89,90,94,95,
27,28,30,32,
27,33,35,
27,37,38,
27,39,40,43,45,
27,46,48,
27,49,50,51,53,
27,54,55,57,63,
27,64,65,66,70,72,
28,29,30,32,43,45,
28,46,48,49,51,
28,52,53,54,57,60,63,
28,64,65,66,67,70,72,
28,73,74,75,76,
28,77,78,79,
28,80,81,83,88,
29,30,32,33,
29,34,43,45,
29,46,48,51,
29,52,53,54,57,
29,58,60,
29,61,
29,62,63,64,65,70,
30,31,32,43,45,
30,46,48,49,
30,50,51,52,53,54,
30,55,57,59,63,
30,64,65,66,67,70,
30,71,72,73,
30,74,75,76,83,88,
30,89,90,94,95,
31,32,33,43,45,
31,48,49,50,
31,51,52,
31,53,54,57,60,
31,62,63,65,70,
31,72,73,76,
31,77,83,84,
32,33,34,38,
32,39,40,41,42,
32,43,44,45,48,49,50,
32,51,52,53,54,55,
32,56,57,59,
32,60,61,63,65,70,72,
32,73,74,75,76,83,88,
33,34,38,43,45,
33,46,48,49,
33,50,51,52,53,54,
33,55,57,59,63,
33,64,65,66,67,70,
33,71,72,73,
33,74,75,76,83,88,
33,89,90,94,95,
34,35,38,43,45,
34,46,
34,47,
34,48,49,50,51,
34,52,53,
34,54,55,57,
34,58,
34,59,60,63,
34,64,65,66,70,
34,71,
34,72,73,75,
34,76,77,83,88,
35,36,38,
35,39,40,42,43,45,48,
35,49,50,51,52,
35,53,54,55,57,60,
35,61,63,65,70,
35,71,72,73,
35,74,75,76,83,88,
35,89,90,94,95,
36,37,
36,38,40,42,
36,43,45,48,49,51,
36,52,54,
36,55,57,
36,59,60,
36,62,63,65,70,
36,72,73,76,
36,77,83,84,
37,38,39,40,
37,41,42,43,45,48,
37,49,50,51,53,54,
37,55,57,60,63,
38,39,40,41,43,45,
38,46,48,49,50,
38,51,52,53,54,57,60,63,
39,40,41,42,43,45,
39,46,48,50,
39,51,52,53,54,57,
39,58,60,63,
39,64,65,66,67,
39,68,70,
39,71,72,76,
39,77,78,83,84,
40,41,42,43,45,48,49,51,
40,52,53,54,55,
40,56,57,60,63,
41,42,43,44,45,
41,46,48,50,
41,51,52,53,54,57,
41,58,60,63,
41,64,65,66,67,
41,68,70,
41,71,72,76,
41,77,78,83,84,
42,43,44,45,48,49,51,
42,52,53,54,55,
42,56,57,60,63,
43,44,45,46,
43,47,48,49,50,51,54,
43,55,56,57,
43,58,59,60,63,65,70,
43,71,72,73,74,
43,75,76,77,78,83,84,
43,85,86,88,89,90,
43,91,93,
44,45,46,
44,47,48,
44,49,50,51,53,
44,54,55,57,63,
44,64,65,66,70,72,
45,46,47,
45,48,49,50,51,52,53,
45,54,55,57,58,
45,59,60,62,63,64,
46,47,48,
46,49,50,51,53,
46,54,55,57,63,
46,64,65,66,70,72,
47,48,49,50,51,54,
47,55,57,60,
47,62,63,64,
47,65,66,67,70,
47,71,72,
48,49,50,51,52,53,54,
48,55,56,
48,57,58,59,60,
48,61,62,63,
48,64,65,66,67,69,
48,70,71,72,73,76,
48,77,78,79,83,88,
49,50,51,52,53,54,57,
49,58,59,63,
49,64,65,66,67,70,72,
49,73,74,75,76,
49,77,78,79,
49,80,81,83,88,
50,51,52,53,54,57,60,63,
51,52,53,54,55,57,
51,58,59,60,63,
51,64,65,66,67,69,
51,70,71,72,73,76,
51,77,78,79,83,88,
52,53,54,55,57,63,
52,64,65,66,67,
52,68,70,
52,71,72,76,
52,77,78,83,84,
53,54,55,57,59,60,
53,61,62,
53,63,64,65,66,67,70,72,
54,55,56,
54,57,58,59,60,
54,61,62,63,
54,64,65,66,67,69,
54,70,71,72,73,76,
54,77,78,79,83,88,
55,56,57,
55,58,60,63,
55,64,65,66,67,
55,68,70,
55,71,72,76,
55,77,78,83,84,
56,57,59,63,
56,64,65,66,
56,67,70,72,
56,73,75,
57,58,59,60,63,
57,64,65,66,67,69,
57,70,71,72,73,76,
57,77,78,79,83,88,
58,59,60,63,65,70,
58,71,72,
59,60,61,
59,62,63,64,65,66,
60,61,62,
60,63,64,65,66,67,70,72,
61,62,63,65,70,
61,72,73,76,
61,77,83,84,
62,63,64,65,66,67,
62,68,70,72,
63,64,65,66,67,69,
63,70,71,72,73,76,
63,77,78,79,83,88,
64,65,66,67,69,70,
65,66,67,69,70,72,76,
65,77,78,79,83,84,
65,85,86,88,89,90,
65,91,93,
66,67,69,70,72,76,
66,77,78,79,
66,80,81,83,88,
67,68,70,72,
68,69,70,72,
68,73,75,
69,70,71,72,76,
69,77,78,80,
69,81,83,84,88,
69,89,90,94,95,
70,71,72,73,75,
70,76,77,78,79,
71,72,73,74,
71,75,76,77,
71,78,80,
71,81,83,88,
71,89,90,95,
72,73,74,75,76,83,88,
73,74,75,76,77,
73,78,79,83,84,
74,75,76,77,83,84,
74,85,86,88,89,
74,90,91,
74,92,95,
75,76,77,78,83,84,
77,78,79,83,84,
78,79,80,83,88,
78,89,90,94,95,
79,80,81,
80,81,83,84,88,
80,89,90,94,95,
81,82,83,84,
81,85,86,88,
81,89,90,94,
85,86,88,89,90,
85,91,94,95,
86,87,88,
86,89,90,94,95,
87,88,89,95,
88,89,90,91,
89,90,91,95,
91,93,
task3 : 
0,1,2,3,4,5,6,10,11,
0,12,13,14,15,16,17,23,25,
0,26,27,28,29,30,31,
0,32,33,34,35,36,37,43,45,
0,46,47,48,49,50,51,52,53,54,57,60,63,
1,2,3,4,5,6,10,11,15,23,
1,24,25,26,27,28,29,32,38,
1,39,40,41,42,43,44,45,46,48,
1,49,50,51,52,53,54,55,56,57,63,
1,64,65,66,67,68,69,70,72,73,76,
1,77,78,79,80,81,82,83,88,
1,89,90,91,92,93,
2,3,4,5,6,7,10,15,23,25,
2,26,27,28,29,30,32,33,38,
2,39,40,41,42,43,44,45,46,48,51,
2,52,53,54,55,56,57,58,63,
2,64,65,66,67,68,69,70,71,
2,72,73,74,75,76,77,78,79,80,83,88,
3,4,5,6,7,10,11,
3,12,13,14,15,16,17,
3,18,19,20,21,23,25,32,
3,33,34,35,36,37,
3,38,39,40,41,42,43,44,45,46,
3,47,48,49,50,51,52,53,54,55,57,60,63,
3,64,65,66,67,68,69,70,71,
3,72,73,74,75,76,77,78,79,80,83,88,
4,5,6,7,8,10,15,23,
4,24,25,26,27,28,29,32,43,45,
4,46,47,48,49,50,51,52,53,54,
4,55,56,57,58,59,60,63,
5,6,7,8,10,11,15,23,
5,24,25,26,27,28,29,32,
5,33,34,35,36,38,43,45,
5,46,47,48,49,50,51,52,53,
5,54,55,56,57,58,59,63,
5,64,65,66,67,68,69,70,72,73,
5,74,75,76,77,78,79,80,83,84,
6,7,8,9,10,15,16,
6,17,18,19,20,23,
6,24,25,26,27,28,29,
6,30,31,32,33,34,43,45,
6,46,47,48,49,50,51,52,54,
6,55,56,57,58,59,63,
6,64,65,66,67,68,69,70,72,76,
6,77,78,79,80,81,83,84,88,
6,89,90,91,92,94,95,
7,8,9,10,11,15,16,23,25,
7,26,27,28,29,30,32,43,45,
7,46,47,48,49,50,51,52,
7,53,54,55,56,57,58,63,
8,9,10,11,12,15,16,23,25,
8,26,27,28,29,30,32,38,
8,39,40,41,42,43,44,45,48,49,51,
8,52,53,54,55,56,57,59,
8,60,61,62,63,64,65,66,67,70,
8,71,72,73,74,75,76,77,78,
8,79,80,81,82,83,84,85,
9,10,11,12,13,15,16,23,
9,24,25,26,27,28,30,32,
9,33,34,35,36,43,45,
9,46,47,48,49,50,51,52,
9,53,54,55,56,57,58,63,
10,11,12,13,14,15,16,23,
10,24,25,26,27,28,29,30,32,38,
10,39,40,41,42,43,44,45,46,48,49,51,
10,52,53,54,55,56,57,58,59,
10,60,61,62,63,64,65,66,67,69,70,72,76,
10,77,78,79,80,81,82,83,84,85,
11,12,13,14,15,16,23,
11,24,25,26,27,28,29,32,43,45,
11,46,47,48,49,50,51,52,53,54,
11,55,56,57,58,59,60,63,
12,13,14,15,16,17,23,25,32,
12,33,34,35,36,43,45,
12,46,47,48,49,50,51,52,
12,53,54,55,56,57,58,63,
13,14,15,16,17,18,23,25,
13,26,27,28,29,30,32,43,45,
13,46,47,48,49,50,51,52,
13,53,54,55,56,57,58,63,
14,15,16,17,18,19,22,
14,23,24,25,26,27,28,30,
14,31,32,33,34,35,
14,36,37,38,39,40,42,
14,43,44,45,46,47,48,49,
14,50,51,52,53,54,55,56,57,
14,58,59,60,61,62,
14,63,64,65,66,67,68,69,70,72,
14,73,74,75,76,77,78,79,83,88,
15,16,17,18,19,20,22,
15,23,24,25,26,27,28,29,30,32,43,45,
15,46,47,48,49,50,51,52,53,54,55,
15,56,57,58,59,60,61,63,65,70,
15,71,72,73,74,75,76,77,78,79,83,88,
16,17,18,19,20,22,
16,23,24,25,26,27,28,29,32,43,45,
16,46,47,48,49,50,51,52,53,54,57,
16,58,59,60,61,62,63,64,
17,18,19,20,21,23,25,32,
17,33,34,35,36,37,
17,38,39,40,41,42,43,44,45,46,
17,47,48,49,50,51,52,53,54,55,57,60,63,
17,64,65,66,67,68,69,70,71,
17,72,73,74,75,76,77,78,79,80,83,88,
18,19,20,21,22,23,25,
18,26,27,28,29,30,32,
18,33,34,35,36,
18,37,38,39,40,41,42,43,45,48,51,
18,52,53,54,55,56,57,60,
18,61,62,63,64,65,66,67,70,
18,71,72,73,74,75,76,77,83,88,
18,89,90,91,92,94,
19,20,21,22,23,24,25,28,
19,29,30,31,32,33,35,
19,36,37,38,39,40,42,43,45,48,
19,49,50,51,52,53,54,55,56,
19,57,58,59,60,61,62,63,
19,64,65,66,67,68,69,70,72,73,
19,74,75,76,77,78,79,80,83,84,
20,21,22,23,24,25,26,28,32,43,45,
20,46,47,48,49,50,51,52,
20,53,54,55,56,57,58,63,
21,22,23,24,25,26,27,28,32,38,
21,39,40,41,42,43,44,45,46,
21,47,48,49,50,51,52,53,54,55,57,63,
22,23,24,25,26,27,28,29,32,43,45,
22,46,47,48,49,50,51,52,53,54,57,
22,58,59,60,61,62,63,64,
23,24,25,26,27,28,29,30,32,43,45,
23,46,47,48,49,50,51,52,53,54,57,60,63,
24,25,26,27,28,29,30,32,38,
24,39,40,41,42,43,44,45,48,49,50,
24,51,52,53,54,55,56,57,59,
24,60,61,62,63,64,65,66,67,70,72,
24,73,74,75,76,77,78,79,80,
24,81,82,83,84,85,86,88,89,95,
25,26,27,28,29,30,31,
25,32,33,34,35,36,37,43,45,
25,46,47,48,49,50,51,52,53,54,57,60,63,
26,27,28,29,30,31,32,
26,33,34,35,36,38,40,43,45,
26,46,47,48,49,50,51,52,53,54,57,
26,58,59,60,61,62,63,64,
27,28,29,30,31,32,33,
27,34,35,36,37,
27,38,39,40,41,42,43,44,45,48,50,
27,51,52,53,54,55,56,57,60,63,
27,64,65,66,67,68,69,70,72,76,
27,77,78,79,80,81,83,84,88,
27,89,90,91,92,94,95,
28,29,30,31,32,33,35,38,43,45,
28,46,47,48,49,50,51,52,53,54,57,63,
28,64,65,66,67,68,69,70,71,
28,72,73,74,75,76,77,78,79,80,83,88,
29,30,31,32,33,34,38,
29,39,40,41,42,43,44,45,48,49,50,
29,51,52,53,54,55,56,57,59,
29,60,61,62,63,64,65,66,67,70,72,
29,73,74,75,76,77,78,79,80,
29,81,82,83,84,85,86,88,89,95,
30,31,32,33,34,35,38,40,
30,41,42,43,44,45,46,47,48,
30,49,50,51,52,53,54,55,56,57,63,
30,64,65,66,67,68,69,70,72,73,76,
30,77,78,79,80,81,82,83,88,
30,89,90,91,92,93,
31,32,33,34,35,37,38,
31,39,40,41,42,43,44,45,48,50,
31,51,52,53,54,55,56,57,63,
31,64,65,66,67,68,69,70,72,
32,33,34,35,36,37,38,
32,39,40,41,42,43,44,45,46,48,49,
32,50,51,52,53,54,55,56,57,58,
33,34,35,36,37,38,43,45,
33,46,47,48,49,50,51,52,53,54,57,
33,58,59,60,61,62,63,64,
34,35,36,37,38,39,
34,40,41,42,43,44,45,46,48,51,
34,52,53,54,55,56,57,60,63,
35,36,37,38,39,40,41,43,45,
35,46,47,48,49,50,51,52,53,54,57,
35,58,59,60,61,62,63,64,
36,37,38,39,40,41,42,43,45,48,51,
36,52,53,54,55,56,57,60,
36,61,62,63,64,65,66,67,70,
36,71,72,73,74,75,76,77,83,88,
36,89,90,91,92,94,
37,38,39,40,41,42,43,44,45,48,49,
37,50,51,52,53,54,55,56,57,60,
37,61,62,63,64,65,66,67,69,
37,70,71,72,73,74,75,76,77,78,
38,39,40,41,42,43,44,45,46,48,50,
38,51,52,53,54,55,56,57,58,63,
38,64,65,66,67,68,69,70,71,72,
39,40,41,42,43,44,45,46,48,49,51,
39,52,53,54,55,56,57,59,60,
39,61,62,63,64,65,66,67,69,70,
39,71,72,73,74,75,76,77,78,83,88,
40,41,42,43,44,45,46,47,48,50,
40,51,52,53,54,55,56,57,58,63,
40,64,65,66,67,68,69,70,71,72,
41,42,43,44,45,46,47,48,49,51,
41,52,53,54,55,56,57,59,60,
41,61,62,63,64,65,66,67,69,70,
41,71,72,73,74,75,76,77,78,83,88,
42,43,44,45,46,47,48,49,50,51,53,54,
42,55,56,57,58,59,60,62,
42,63,64,65,66,67,68,69,70,71,
42,72,73,74,75,76,77,78,79,80,83,84,
43,44,45,46,47,48,49,50,51,52,
43,53,54,55,56,57,58,59,60,63,65,70,72,
43,73,74,75,76,77,78,79,80,81,
44,45,46,47,48,49,50,51,52,
44,53,54,55,56,57,58,60,
45,46,47,48,49,50,51,52,53,54,57,60,63,
46,47,48,49,50,51,52,53,54,55,
46,56,57,58,59,60,62,
47,48,49,50,51,52,53,54,55,57,59,60,
48,49,50,51,52,53,54,55,56,57,59,
49,50,51,52,53,54,55,56,57,59,63,
49,64,65,66,67,68,69,70,71,
49,72,73,74,75,76,77,78,79,80,83,88,
50,51,52,53,54,55,56,57,58,63,
50,64,65,66,67,68,69,70,71,72,
51,52,53,54,55,56,57,58,60,63,
52,53,54,55,56,57,58,59,
53,54,55,56,57,58,59,60,63,65,70,72,
54,55,56,57,58,59,60,62,63,
55,56,57,58,59,60,62,63,65,70,
55,71,72,73,74,75,76,77,78,83,88,
56,57,58,59,60,61,63,65,70,
56,71,72,73,74,75,76,77,83,88,
56,89,90,91,92,94,
57,58,59,60,61,62,63,64,65,66,
57,67,68,69,70,71,72,73,74,
57,75,76,77,78,79,80,81,82,
58,59,60,61,62,63,64,65,66,70,
58,71,72,73,74,75,76,77,78,
58,79,80,81,82,83,84,85,
59,60,61,62,63,64,65,66,67,69,
59,70,71,72,73,74,75,76,77,78,83,88,
59,89,90,91,92,93,
60,61,62,63,64,65,66,67,69,70,72,76,
61,62,63,64,65,66,67,68,70,
61,71,72,73,74,75,76,77,83,88,
61,89,90,91,92,94,
64,65,66,67,68,69,70,71,72,76,
64,77,78,79,80,81,82,83,84,
64,85,86,87,88,89,90,91,
65,66,67,68,69,70,71,72,73,76,
65,77,78,79,80,81,82,83,84,85,
66,67,68,69,70,71,72,73,76,
66,77,78,79,80,81,82,83,84,
66,85,86,87,88,89,90,91,
68,69,70,71,72,73,74,75,76,
68,77,78,79,80,81,83,84,
69,70,71,72,73,74,75,76,77,78,83,88,
69,89,90,91,92,93,
71,72,73,74,75,76,77,78,79,83,88,
71,89,90,91,92,94,95,
72,73,74,75,76,77,78,79,80,83,84,88,
72,89,90,91,92,93,94,
73,74,75,76,77,78,79,80,81,
73,82,83,84,85,86,87,88,89,95,
74,75,76,77,78,79,80,81,83,84,
77,78,79,80,81,82,83,84,85,
77,86,87,88,89,90,91,94,
80,81,82,83,84,85,86,88,89,90,
83,84,85,86,87,88,89,90,91,
84,85,86,87,88,89,90,91,
85,86,87,88,89,90,91,94,
88,89,90,91,92,93,95,
